# 2H(19F,a 16O)n quasi-free cross section to 16O(6.13 3-)+(6.05 0+) (alpha2 dominant), arb. units; E_lab(p+19F)=E_cm*1.053048; Su et al. PRL 135 182701 (2025) Fig.1 vector-extracted; errors = Fig.1 error bars (stat + angular-integration), vector-extracted; the 12 bars hidden by the marker (E_cm -0.09, -0.07, 0.11, 0.13, 0.15, 0.43, 0.45, 0.63, 0.65, 0.69, 0.71, 0.73 MeV) set to the power-law trend of the visible bars (0.062 y^0.84 below 0.45 MeV, 0.1375 y^1.30 above), capped at 0.0092 (ROOT draws a bar only beyond 0.0092 from the marker centre, so a hidden bar is smaller); example fit uses E_cm<=0.45 MeV and a fixed segment energy shift of -9.17 keV (lab)
-0.094774 0.000000 0.044110 0.004565
-0.073713 0.000000 0.055830 0.005559
-0.052652 0.000000 0.125020 0.012000
-0.031581 0.000000 0.289930 0.023060
-0.010530 0.000000 0.382320 0.029070
0.010541 0.000000 0.453150 0.033600
0.031591 0.000000 0.462340 0.034150
0.052652 0.000000 0.408810 0.030910
0.073713 0.000000 0.226890 0.018430
0.094774 0.000000 0.102680 0.009810
0.115835 0.000000 0.051170 0.005169
0.136896 0.000000 0.032320 0.003520
0.157968 0.000000 0.054860 0.005478
0.179018 0.000000 0.160340 0.013560
0.200079 0.000000 0.251600 0.019700
0.221140 0.000000 0.368880 0.026000
0.242201 0.000000 0.351500 0.025010
0.263262 0.000000 0.380030 0.022470
0.284333 0.000000 0.508690 0.027320
0.305384 0.000000 0.700050 0.041400
0.326445 0.000000 0.805900 0.053590
0.347516 0.000000 0.757520 0.055480
0.368567 0.000000 0.725970 0.053530
0.389628 0.000000 0.679990 0.049230
0.410689 0.000000 0.443930 0.030480
0.431760 0.000000 0.177490 0.012840
0.452821 0.000000 0.104090 0.009200
0.473871 0.000000 0.128140 0.009200
0.494943 0.000000 0.137850 0.009620
0.516004 0.000000 0.157640 0.009820
0.537054 0.000000 0.156600 0.009720
0.558115 0.000000 0.189520 0.012720
0.579187 0.000000 0.189430 0.013250
0.600248 0.000000 0.198960 0.013620
0.621309 0.000000 0.202110 0.012920
0.642359 0.000000 0.185860 0.010390
0.663431 0.000000 0.159320 0.009200
0.684481 0.000000 0.133400 0.009200
0.705542 0.000000 0.150430 0.009670
0.726603 0.000000 0.124150 0.009059
0.747664 0.000000 0.156570 0.009200
0.768725 0.000000 0.130240 0.009200
0.789786 0.000000 0.137920 0.011670
0.810847 0.000000 0.160490 0.014280
0.831908 0.000000 0.193790 0.021830
0.852969 0.000000 0.202810 0.024960
0.874030 0.000000 0.268600 0.027050
0.895090 0.000000 0.280500 0.029740
0.916151 0.000000 0.245490 0.027110
0.937212 0.000000 0.219450 0.020960
0.958273 0.000000 0.186600 0.015830
0.979334 0.000000 0.128330 0.011200
1.000395 0.000000 0.103190 0.009640
