# E_lab(MeV,p+18O) angle HOES-minus-fitted-linear-background(arb) err ; La Cognata PRL 101 (2008) 152501 Fig.2 digitized; background b0+b1*E_cm = 36.4924 + -35.2193*E_cm subtracted
-0.0474766838 -0 1.13467731 7.11589
-0.0368324451 -0 -1.34654264 6.690915
-0.0263994016 -0 2.12356356 6.972585
-0.0157551629 -0 36.3388136 9.537265
-0.00532211936 -0 55.4752498 10.525585
0.0053115596 0 90.8362877 12.37868
0.0159663581 0 144.40204 14.656755
0.0263994016 0 139.343196 14.23178
0.0370436403 0 84.4915662 11.810395
0.0474766838 0 61.7929124 10.530525
0.0581209226 0 24.5810924 8.25245
0.0687651613 0 4.16150245 6.542665
0.0791982048 0 34.3873486 8.677435
0.0898424435 0 59.4993187 10.243915
0.100275487 0 88.5967449 11.523785
0.110909166 0 93.5081028 11.810395
0.121563964 0 109.795455 12.37868
0.131997008 0 177.585601 14.938425
0.142641247 0 290.638571 18.49637
0.153179888 0 359.856669 20.206155
0.163707969 0 301.866385 18.63967
0.174362768 0 172.169878 14.513445
0.184795811 0 90.8438937 11.242115
0.19544005 0 48.5111638 8.96404
0.205978691 0 11.8701519 6.547605
0.216517332 0 19.05289 6.972585
0.227161571 0 7.17237009 5.97438
0.237594614 0 0.117286286 5.26279
0.248238853 0 3.31864634 5.5494
0.258777494 0 -11.1258555 3.98786
