# E_lab angle(lab) dsigma/dOmega(b/sr) err ; Amsel 1967 EXFOR D0104002, fit window E_cm 0.40-0.575, 0.615-0.85 MeV
0.4524 165 0.0005311 0.00020175522
0.5036 165 0.001184 0.00020857766
0.5062 165 0.001098 0.00020739819
0.5096 165 0.001364 0.0002113084
0.5109 165 0.001216 0.00020903741
0.5149 165 0.001525 0.0002140422
0.5157 165 0.001334 0.00021082905
0.5195 165 0.001571 0.00021487229
0.5209 165 0.001452 0.00021276926
0.5241 165 0.001782 0.00021894933
0.5257 165 0.00157 0.00021485402
0.5287 165 0.001963 0.0002227856
0.5309 165 0.001804 0.00021939927
0.5359 165 0.002098 0.00022584067
0.5362 165 0.001922 0.00022189009
0.5399 165 0.002364 0.00023231711
0.5404 165 0.002155 0.00022717848
0.5445 165 0.002453 0.00023461249
0.5462 165 0.002389 0.00023295558
0.5504 165 0.002825 0.00024485008
0.5514 165 0.002622 0.00023913847
0.5563 165 0.003065 0.00025196342
0.5566 165 0.002971 0.0002491327
0.5614 165 0.003089 0.00025269508
0.5616 165 0.00318 0.00025550147
0.5656 165 0.003529 0.00026671071
0.5666 165 0.003553 0.00026750612
0.5708 165 0.003745 0.00027397548
0.5714 165 0.003556 0.00026760575
0.5761 165 0.004218 0.00029065239
0.5761 165 0.004135 0.00028765528
0.5813 165 0.0046 0.00030479501
0.582 165 0.004751 0.00031053181
0.586 165 0.005233 0.00032933376
0.5861 165 0.005179 0.00032719276
0.5913 165 0.005412 0.00033648828
0.5932 165 0.005429 0.00033717221
0.5972 165 0.006208 0.00036925352
0.5975 165 0.006108 0.00036506049
0.6028 165 0.006687 0.00038960226
0.6044 165 0.006939 0.0004004676
0.6513 165 0.008906 0.00048815171
0.6541 165 0.009253 0.00050402879
0.658 165 0.009486 0.00051474313
0.6599 165 0.009256 0.00050416648
0.6632 165 0.009604 0.00052018462
0.667 165 0.01007 0.00054176771
0.6708 165 0.01076 0.00057397212
0.6751 165 0.01053 0.00056320711
0.6784 165 0.011 0.000585235
0.6808 165 0.01134 0.00060123955
0.6832 165 0.01111 0.00059040685
0.6875 165 0.01135 0.0006017111
0.6912 165 0.01158 0.00061256918
0.6955 165 0.01193 0.00062913611
0.7003 165 0.01262 0.00066193731
0.7031 165 0.01274 0.00066765934
0.7055 165 0.01286 0.00067338622
0.7089 165 0.01228 0.00064575227
0.7141 165 0.01298 0.00067911781
0.7207 165 0.01379 0.00071792078
0.726 165 0.01379 0.00071792078
0.7317 165 0.01402 0.00072897256
0.7379 165 0.01426 0.00074051941
0.7431 165 0.01484 0.00076848162
0.7488 165 0.01542 0.00079651805
0.7555 165 0.01611 0.00082995798
0.7602 165 0.01727 0.00088635898
0.7669 165 0.01727 0.00088635898
0.7726 165 0.01854 0.00094832958
0.7792 165 0.0197 0.0010050995
0.7854 165 0.02074 0.0010561103
0.7911 165 0.02305 0.0011697249
0.7973 165 0.02582 0.0013064
0.8034 165 0.02882 0.001454813
0.8096 165 0.03205 0.0016149323
0.8148 165 0.03644 0.0018329441
0.8214 165 0.04036 0.0020278866
0.8281 165 0.04128 0.0020736673
0.8347 165 0.03921 0.0019706751
0.84 165 0.03242 0.0016332915
0.8463 165 0.02216 0.0011259059
0.8531 165 0.01433 0.00074388994
0.8593 165 0.01006 0.00054130306
0.866 165 0.006725 0.00039123403
0.8727 165 0.003963 0.0002815376
0.8789 165 0.002468 0.00023500545
0.8851 165 0.001549 0.00021447261
0.8918 165 0.001322 0.00021064
0.8975 165 0.0008648 0.00020462086
