# E_lab angle sigma(b) err ; Mak 1978 EXFOR C1917002, fit window E_cm 0.40-0.575, 0.615-0.70 MeV
0.42249602 0 0.002664 0.0001332
0.42703672 0 0.00286 0.000143
0.43157742 0 0.003133 0.00015665
0.4365405 0 0.003502 0.0001751
0.44150359 0 0.003996 0.0001998
0.4456219 0 0.004118 0.0002059
0.45195776 0 0.004604 0.0002302
0.45649845 0 0.005147 0.00025735
0.46198953 0 0.005581 0.00027905
0.46557985 0 0.006114 0.0003057
0.47328847 0 0.006834 0.0003417
0.47698439 0 0.007718 0.0003859
0.4809971 0 0.008118 0.0004059
0.48648817 0 0.009075 0.00045375
0.49060648 0 0.01004 0.000502
0.49694234 0 0.011 0.00055
0.50148303 0 0.01217 0.0006085
0.50644612 0 0.01361 0.0006805
0.51014204 0 0.01461 0.0007305
0.51647789 0 0.01667 0.0008335
0.52239136 0 0.01753 0.0008765
0.52693206 0 0.0194 0.00097
0.53094476 0 0.02169 0.0010845
0.53601345 0 0.02376 0.001188
0.54055415 0 0.02629 0.0013145
0.54731239 0 0.0288 0.00144
0.55692178 0 0.03864 0.001932
0.57635174 0 0.05235 0.0026175
0.59726006 0 0.07693 0.0038465
0.65671151 0 0.1577 0.007885
0.67624707 0 0.1762 0.00881
0.6970498 0 0.2157 0.010785
