# E_lab(MeV,p+18O) angle HOES(arb) err ; La Cognata, Spitaleri & Mukhamedzhanov ApJ 723 (2010) 1512 Fig.4 S(E) digitized (thm_repro), 5% added in quadrature, AUTHORS' linear background 2185.98*E_cm-1108.70 (MeV b, dashed line of Fig. 4) subtracted, divided by P_0(E) exp(2 pi eta) (a_p = 5.1 fm)
0.533468548 0 1.33281782 0.106792174
0.543795994 0 1.26808559 0.101019189
0.554461352 0 1.51432773 0.11623363
0.564862716 0 1.90203515 0.132081238
0.575633672 0 1.81822699 0.13092971
0.586035036 0 2.05535574 0.252859652
0.596858791 0 2.70290175 0.167118139
0.607154558 0 3.96793364 0.377901756
0.61761928 0 4.76760197 0.266407053
0.628326878 0 4.65457964 0.333214157
0.638707122 0 5.32247367 0.297366943
0.649499198 0 5.33647971 0.30516761
0.659890002 0 5.47529865 0.311618421
0.670618719 0 4.57183479 0.387896214
0.681020083 0 4.87322646 0.287952063
0.691791039 0 5.09959287 0.298718369
0.702129045 0 3.9755668 0.413481222
0.712847202 0 3.94932952 0.249504971
0.723301365 0 3.46457327 0.401028469
0.733892805 0 4.36545669 0.274272136
0.744420886 0 3.51745976 0.240954518
0.75483281 0 3.6387946 0.245822163
0.765540407 0 3.77934689 0.258528898
0.776047369 0 4.35179983 0.2878527
0.786649369 0 4.91780981 0.320383897
0.797156331 0 5.36971801 0.339015305
0.807800569 0 5.20777662 0.33710216
0.818275852 0 6.20917124 0.602888873
0.829046808 0 6.97333251 0.425661007
0.839395373 0 5.73103661 0.570311686
0.849849536 0 5.69522509 0.370248781
0.860567693 0 4.13782188 0.31491948
0.870969058 0 4.12229757 0.302213787
0.881634416 0 2.46684715 0.309255633
0.892078019 0 0.914786583 0.16835631
0.902806736 0 0.259726664 0.170861944
0.913250339 0 0.0824695463 0.160730538
0.93438042 0 -0.100649366 0.178797616
0.945014099 0 -0.319071063 0.141785118
