# E_lab(MeV,p+18O) angle HOES(arb) err ; La Cognata, Spitaleri & Mukhamedzhanov ApJ 723 (2010) 1512 Fig.4 S(E) digitized (thm_repro), 5% added in quadrature, fitted linear background -5152.24+7001.9*E_cm (MeV b) subtracted, divided by P_0(E) exp(2 pi eta) (a_p = 5.1 fm)
0.533468548 0 3.93110628 0.106792374
0.543795994 0 3.81388298 0.101019376
0.554461352 0 4.0047751 0.116233843
0.564862716 0 4.33735539 0.132081478
0.575633672 0 4.19523436 0.130929945
0.586035036 0 4.37483685 0.252860102
0.596858791 0 4.9612207 0.167118434
0.607154558 0 6.16681296 0.377902417
0.61761928 0 6.90477276 0.266407515
0.628326878 0 6.72722615 0.333214729
0.638707122 0 7.3312032 0.29736745
0.649499198 0 7.27729431 0.305168125
0.659890002 0 7.34928354 0.311618943
0.670618719 0 6.37529783 0.387896859
0.681020083 0 6.60681671 0.287952538
0.691791039 0 6.75923122 0.298718857
0.702129045 0 5.56266312 0.413481893
0.712847202 0 5.45956962 0.249505373
0.723301365 0 4.89819896 0.40102911
0.733892805 0 5.71976779 0.274272572
0.744420886 0 4.79120194 0.240954897
0.75483281 0 4.83113265 0.245822547
0.765540407 0 4.88614477 0.2585293
0.776047369 0 5.37282888 0.287853144
0.786649369 0 5.85042053 0.320384388
0.797156331 0 6.21281239 0.339015821
0.807800569 0 5.95823115 0.33710267
0.818275852 0 6.86650584 0.602889779
0.829046808 0 7.53286444 0.425661643
0.839395373 0 6.19460428 0.570312533
0.849849536 0 6.05983487 0.370249328
0.860567693 0 4.39883554 0.314919942
0.870969058 0 4.28067853 0.302214228
0.881634416 0 2.51780681 0.309256081
0.892078019 0 0.858386716 0.168356552
0.902806736 0 0.0907672446 0.170862188
0.913250339 0 -0.198298894 0.160730767
0.93438042 0 -0.614523433 0.178797868
0.945014099 0 -0.953804751 0.141785317
