# Spillane et al., PRL 98, 122501 (2007), EXFOR O1712003: 440 keV gamma production (p1 + feeding) = phi x published p total; sigma[b]; UL rows as 0 +- UL/2; columns: E_lab[MeV] angle sigma err
4.262600e+00 0.000000e+00 0.000000e+00 7.471500e-11
4.287600e+00 0.000000e+00 3.033410e-10 3.285170e-10
4.325000e+00 0.000000e+00 4.761580e-10 3.083280e-10
4.375000e+00 0.000000e+00 0.000000e+00 9.834500e-11
4.425000e+00 0.000000e+00 9.158970e-11 3.067660e-10
4.475000e+00 0.000000e+00 0.000000e+00 1.231350e-10
4.550000e+00 0.000000e+00 4.323180e-11 4.363370e-11
4.625000e+00 0.000000e+00 9.262260e-11 7.813370e-11
4.675000e+00 0.000000e+00 1.411680e-10 1.135020e-10
4.725000e+00 0.000000e+00 9.484440e-11 1.582300e-10
4.775000e+00 0.000000e+00 1.513630e-10 1.723980e-10
4.800000e+00 0.000000e+00 3.277580e-10 1.961350e-10
4.875000e+00 0.000000e+00 2.687990e-10 2.101650e-10
4.925000e+00 0.000000e+00 6.338020e-10 3.444580e-10
4.975000e+00 0.000000e+00 3.003150e-10 1.375500e-09
5.025000e+00 0.000000e+00 7.292910e-10 1.159500e-09
5.075000e+00 0.000000e+00 0.000000e+00 4.235400e-11
5.125000e+00 0.000000e+00 8.985220e-10 5.368450e-10
5.175000e+00 0.000000e+00 0.000000e+00 2.280850e-10
5.225000e+00 0.000000e+00 5.242020e-10 5.078840e-10
5.275000e+00 0.000000e+00 0.000000e+00 2.348550e-10
5.325000e+00 0.000000e+00 4.392840e-10 7.223780e-10
5.375000e+00 0.000000e+00 1.063030e-10 6.337280e-10
5.425000e+00 0.000000e+00 1.024000e-10 6.502400e-10
