# Spillane et al., PRL 98, 122501 (2007), EXFOR O1712002: 1634 keV gamma production (alpha1 + feeding) = phi x published alpha total; sigma[b]; UL rows as 0 +- UL/2; columns: E_lab[MeV] angle sigma err
4.225000e+00 0.000000e+00 0.000000e+00 1.842600e-10
4.262600e+00 0.000000e+00 1.502410e-09 8.449670e-10
4.287600e+00 0.000000e+00 1.324200e-09 7.709530e-10
4.325000e+00 0.000000e+00 0.000000e+00 1.610100e-10
4.375000e+00 0.000000e+00 1.142310e-11 4.814240e-10
4.425000e+00 0.000000e+00 3.217700e-12 5.079320e-10
4.475000e+00 0.000000e+00 0.000000e+00 2.466450e-10
4.550000e+00 0.000000e+00 3.105070e-11 1.142040e-10
4.625000e+00 0.000000e+00 3.275570e-10 4.889930e-10
4.675000e+00 0.000000e+00 1.498330e-10 6.078680e-10
4.725000e+00 0.000000e+00 9.863320e-11 5.245490e-10
4.775000e+00 0.000000e+00 0.000000e+00 3.018600e-10
4.800000e+00 0.000000e+00 5.821520e-11 9.558130e-11
4.875000e+00 0.000000e+00 0.000000e+00 1.894150e-10
4.925000e+00 0.000000e+00 7.167590e-10 4.125840e-10
4.975000e+00 0.000000e+00 6.759560e-10 4.619940e-10
5.025000e+00 0.000000e+00 7.855600e-10 4.595610e-10
5.075000e+00 0.000000e+00 2.126310e-09 4.480600e-10
5.125000e+00 0.000000e+00 4.984610e-09 6.728940e-10
5.175000e+00 0.000000e+00 3.495040e-09 7.729960e-10
5.225000e+00 0.000000e+00 3.314080e-09 7.198420e-10
5.275000e+00 0.000000e+00 0.000000e+00 4.258300e-10
5.325000e+00 0.000000e+00 2.479450e-09 9.992350e-10
5.375000e+00 0.000000e+00 3.223160e-09 9.884970e-10
5.425000e+00 0.000000e+00 1.035470e-08 1.102930e-09
