# Tumino et al., Nature 557, 687 (2018), Fig. 1 (p1 panel) digitized from the published figure; THM HOES yield, arbitrary units; E_lab = 2 E_cm; columns: E_lab[MeV] angle sigma err
1.635820e+00 0.000000e+00 2.899510e+02 2.260921e+01
1.712200e+00 0.000000e+00 5.945193e+02 5.925173e+01
1.788580e+00 0.000000e+00 7.686426e+02 2.806661e+01
1.865080e+00 0.000000e+00 6.547363e+02 2.572773e+01
1.941600e+00 0.000000e+00 7.006032e+02 2.650735e+01
2.018640e+00 0.000000e+00 5.542449e+02 4.443880e+01
2.094720e+00 0.000000e+00 3.525094e+02 2.494810e+01
2.171400e+00 0.000000e+00 1.940567e+02 2.416847e+01
2.248580e+00 0.000000e+00 1.200787e+02 1.481293e+01
2.324160e+00 0.000000e+00 2.002937e+02 1.949070e+01
2.401980e+00 0.000000e+00 2.065308e+02 1.481293e+01
2.478200e+00 0.000000e+00 1.696669e+02 2.260921e+01
2.554740e+00 0.000000e+00 3.152033e+02 2.416847e+01
2.631120e+00 0.000000e+00 4.025217e+02 2.104996e+01
2.708160e+00 0.000000e+00 4.769751e+02 2.260921e+01
2.783880e+00 0.000000e+00 5.755991e+02 2.416847e+01
2.862020e+00 0.000000e+00 4.222996e+02 2.104996e+01
2.938300e+00 0.000000e+00 4.559348e+02 2.182959e+01
3.014940e+00 0.000000e+00 6.632564e+02 2.572773e+01
3.091060e+00 0.000000e+00 5.011532e+02 4.521843e+01
3.168160e+00 0.000000e+00 2.041919e+02 2.260921e+01
3.244540e+00 0.000000e+00 1.350372e+02 1.247405e+01
3.320920e+00 0.000000e+00 1.723831e+02 1.715182e+01
3.397560e+00 0.000000e+00 1.266682e+02 1.481293e+01
3.474560e+00 0.000000e+00 1.155623e+02 1.091479e+01
3.550300e+00 0.000000e+00 1.122406e+02 1.091479e+01
3.628220e+00 0.000000e+00 1.194119e+02 1.949070e+01
3.703760e+00 0.000000e+00 1.784642e+02 1.403331e+01
3.780940e+00 0.000000e+00 1.590601e+02 1.325368e+01
3.857320e+00 0.000000e+00 1.715341e+02 1.325368e+01
3.934340e+00 0.000000e+00 2.029369e+02 1.637219e+01
4.010720e+00 0.000000e+00 1.449401e+02 1.247405e+01
4.087100e+00 0.000000e+00 7.758789e+01 1.013516e+01
4.163480e+00 0.000000e+00 8.911117e+01 1.091479e+01
4.239860e+00 0.000000e+00 7.555325e+01 1.013516e+01
4.316240e+00 0.000000e+00 6.416307e+01 9.355540e+00
4.393260e+00 0.000000e+00 8.109727e+01 9.355540e+00
4.469000e+00 0.000000e+00 5.216441e+01 1.247405e+01
4.547260e+00 0.000000e+00 3.770274e+01 9.355540e+00
4.623700e+00 0.000000e+00 2.451481e+01 7.796280e+00
4.700160e+00 0.000000e+00 3.777519e+01 8.575910e+00
4.776900e+00 0.000000e+00 3.786489e+01 8.575910e+00
4.853280e+00 0.000000e+00 1.708115e+01 8.575910e+00
5.006040e+00 0.000000e+00 1.044377e+01 7.016650e+00
5.082660e+00 0.000000e+00 1.547708e+01 7.796280e+00
5.159080e+00 0.000000e+00 1.051305e+01 7.016650e+00
