# Tumino et al., Nature 557, 687 (2018), Fig. 1 (p0 panel) digitized (thm_12C12C_repro); THM HOES yield, arbitrary units; E_lab = 2 E_cm; columns: E_lab[MeV] angle sigma err
1.635820e+00 0.000000e+00 8.181833e+01 1.268111e+01
1.712060e+00 0.000000e+00 8.802170e+01 1.317841e+01
1.788840e+00 0.000000e+00 8.844130e+01 1.317841e+01
1.865620e+00 0.000000e+00 9.513027e+01 1.367571e+01
1.941600e+00 0.000000e+00 9.309810e+01 1.355139e+01
2.018640e+00 0.000000e+00 8.318590e+01 1.280544e+01
2.094480e+00 0.000000e+00 5.026011e+01 1.007030e+01
2.171180e+00 0.000000e+00 4.090354e+01 9.075700e+00
2.249000e+00 0.000000e+00 5.251608e+01 1.429733e+01
2.325620e+00 0.000000e+00 7.654817e+01 1.243246e+01
2.401980e+00 0.000000e+00 8.268860e+01 1.280544e+01
2.478360e+00 0.000000e+00 6.826694e+01 1.168652e+01
2.554740e+00 0.000000e+00 4.655864e+01 9.573000e+00
2.631120e+00 0.000000e+00 3.561808e+01 8.827050e+00
2.707500e+00 0.000000e+00 3.213699e+01 8.081100e+00
2.785260e+00 0.000000e+00 4.656300e+01 1.007030e+01
2.861720e+00 0.000000e+00 7.771561e+01 1.243246e+01
2.938100e+00 0.000000e+00 9.711026e+01 1.392436e+01
3.014480e+00 0.000000e+00 1.015859e+02 1.417301e+01
3.091300e+00 0.000000e+00 5.212649e+01 1.019462e+01
3.167900e+00 0.000000e+00 2.695739e+01 8.329750e+00
3.244540e+00 0.000000e+00 3.308307e+01 9.448670e+00
3.320920e+00 0.000000e+00 3.631551e+01 9.448670e+00
3.397560e+00 0.000000e+00 3.043848e+01 7.956780e+00
3.473680e+00 0.000000e+00 1.841276e+01 6.091910e+00
3.550060e+00 0.000000e+00 2.089925e+01 7.210830e+00
3.626920e+00 0.000000e+00 4.615891e+01 9.697320e+00
3.703840e+00 0.000000e+00 4.805490e+01 9.821650e+00
3.780220e+00 0.000000e+00 4.446806e+01 9.448670e+00
3.857960e+00 0.000000e+00 3.561808e+01 8.454080e+00
3.934340e+00 0.000000e+00 2.908292e+01 7.708130e+00
4.010720e+00 0.000000e+00 2.002898e+01 7.583800e+00
4.087100e+00 0.000000e+00 1.572613e+01 5.594610e+00
4.163960e+00 0.000000e+00 3.034792e+01 7.832450e+00
4.240280e+00 0.000000e+00 2.535007e+01 7.210830e+00
4.316880e+00 0.000000e+00 2.486383e+01 7.086500e+00
4.393980e+00 0.000000e+00 2.681396e+01 7.459480e+00
4.471000e+00 0.000000e+00 2.390328e+01 6.837860e+00
4.547380e+00 0.000000e+00 1.619515e+01 6.091910e+00
4.623200e+00 0.000000e+00 1.157490e+01 5.221640e+00
4.699580e+00 0.000000e+00 9.337060e+00 4.475690e+00
4.776900e+00 0.000000e+00 9.212730e+00 4.351360e+00
4.853280e+00 0.000000e+00 5.898420e+00 3.729740e+00
4.929800e+00 0.000000e+00 4.003960e+00 3.108120e+00
5.006280e+00 0.000000e+00 4.495540e+00 3.605410e+00
5.082680e+00 0.000000e+00 1.054654e+01 4.724340e+00
5.159480e+00 0.000000e+00 9.576500e+00 4.475690e+00
5.235560e+00 0.000000e+00 7.949250e+00 4.600010e+00
5.312480e+00 0.000000e+00 4.861370e+00 3.232440e+00
5.378980e+00 0.000000e+00 1.877580e+00 1.118920e+00
