# Tumino et al., Nature 557, 687 (2018), Fig. 1 (alpha0 panel) digitized from the published figure; THM HOES yield, arbitrary units; E_lab = 2 E_cm; columns: E_lab[MeV] angle sigma err
1.636120e+00 0.000000e+00 1.191197e+02 2.243463e+01
1.711940e+00 0.000000e+00 1.872035e+02 2.571774e+01
1.789680e+00 0.000000e+00 2.228715e+02 3.064242e+01
1.866060e+00 0.000000e+00 2.578914e+02 4.049177e+01
1.942440e+00 0.000000e+00 2.677408e+02 3.064242e+01
2.018800e+00 0.000000e+00 1.312536e+02 4.213332e+01
2.095420e+00 0.000000e+00 3.480459e+01 2.024588e+01
2.171560e+00 0.000000e+00 3.792265e+01 1.641558e+01
2.247940e+00 0.000000e+00 3.901702e+01 1.641558e+01
2.324960e+00 0.000000e+00 7.309530e+01 2.024588e+01
2.402300e+00 0.000000e+00 8.609768e+01 2.079307e+01
2.478980e+00 0.000000e+00 7.908172e+01 1.915151e+01
2.555140e+00 0.000000e+00 7.694586e+01 1.860432e+01
2.631920e+00 0.000000e+00 7.275753e+01 1.641558e+01
2.708300e+00 0.000000e+00 7.574341e+01 1.805714e+01
2.784940e+00 0.000000e+00 3.036309e+02 5.690735e+01
2.861320e+00 0.000000e+00 4.784341e+02 3.994458e+01
2.937840e+00 0.000000e+00 3.280882e+02 4.869956e+01
3.014340e+00 0.000000e+00 2.380077e+02 3.064242e+01
3.091380e+00 0.000000e+00 1.732911e+02 3.611428e+01
3.167200e+00 0.000000e+00 1.223138e+02 2.517056e+01
3.245180e+00 0.000000e+00 6.101123e+01 2.188744e+01
3.321300e+00 0.000000e+00 1.081152e+02 3.173679e+01
3.398340e+00 0.000000e+00 7.622567e+01 1.915151e+01
3.474700e+00 0.000000e+00 5.804842e+01 1.805714e+01
3.551080e+00 0.000000e+00 6.385393e+01 1.860432e+01
3.627460e+00 0.000000e+00 6.604268e+01 1.860432e+01
3.703840e+00 0.000000e+00 6.713705e+01 2.024588e+01
3.780620e+00 0.000000e+00 4.371482e+01 1.696277e+01
3.856820e+00 0.000000e+00 3.796730e+01 1.641558e+01
3.933600e+00 0.000000e+00 3.491387e+01 1.586839e+01
4.010140e+00 0.000000e+00 4.579679e+01 2.188744e+01
4.087700e+00 0.000000e+00 8.619948e+01 2.298181e+01
4.164220e+00 0.000000e+00 5.348884e+01 2.079307e+01
4.240160e+00 0.000000e+00 2.113289e+01 1.477402e+01
4.316960e+00 0.000000e+00 1.913330e+01 8.754980e+00
4.394040e+00 0.000000e+00 1.608640e+01 8.754980e+00
4.469960e+00 0.000000e+00 2.281498e+01 1.094372e+01
4.546600e+00 0.000000e+00 3.196852e+01 1.258528e+01
4.623100e+00 0.000000e+00 3.822526e+01 1.696277e+01
4.700020e+00 0.000000e+00 5.072147e+01 2.024588e+01
4.776200e+00 0.000000e+00 5.504491e+01 1.805714e+01
4.854000e+00 0.000000e+00 2.702765e+01 1.641558e+01
4.929960e+00 0.000000e+00 1.083769e+01 1.039653e+01
5.006980e+00 0.000000e+00 1.570156e+01 1.532121e+01
5.083360e+00 0.000000e+00 3.463954e+01 1.039653e+01
5.159900e+00 0.000000e+00 2.581207e+01 8.207790e+00
5.236560e+00 0.000000e+00 1.480031e+01 8.207790e+00
5.312480e+00 0.000000e+00 6.838940e+00 9.849350e+00
