# Tumino et al., Nature 557, 687 (2018), Fig. 1 (alpha1 panel) digitized from the published figure; THM HOES yield, arbitrary units; E_lab = 2 E_cm; columns: E_lab[MeV] angle sigma err
1.634160e+00 0.000000e+00 1.341933e+01 1.065386e+01
1.711860e+00 0.000000e+00 5.361245e+01 1.065386e+01
1.789060e+00 0.000000e+00 2.219522e+02 3.196159e+01
1.865460e+00 0.000000e+00 3.132029e+02 5.770843e+01
1.941620e+00 0.000000e+00 6.183440e+02 9.410913e+01
2.018260e+00 0.000000e+00 7.588896e+02 9.233349e+01
2.094640e+00 0.000000e+00 2.640263e+02 3.728852e+01
2.171040e+00 0.000000e+00 1.574876e+02 3.373724e+01
2.247440e+00 0.000000e+00 1.445168e+02 3.107377e+01
2.325300e+00 0.000000e+00 2.089813e+02 3.640070e+01
2.400880e+00 0.000000e+00 2.790206e+02 4.083981e+01
2.478200e+00 0.000000e+00 1.882587e+02 3.196159e+01
2.554480e+00 0.000000e+00 1.734684e+02 3.018595e+01
2.631540e+00 0.000000e+00 1.643491e+02 2.485902e+01
2.707940e+00 0.000000e+00 2.394084e+02 5.149368e+01
2.784600e+00 0.000000e+00 4.253067e+02 4.616674e+01
2.861260e+00 0.000000e+00 5.519217e+02 4.971803e+01
2.937840e+00 0.000000e+00 5.852662e+02 5.504496e+01
3.014700e+00 0.000000e+00 7.736361e+02 4.261546e+01
3.090560e+00 0.000000e+00 6.734567e+02 5.149368e+01
3.167500e+00 0.000000e+00 4.273855e+02 3.728852e+01
3.243980e+00 0.000000e+00 1.810812e+02 3.018595e+01
3.474540e+00 0.000000e+00 1.521607e+02 2.308337e+01
3.550940e+00 0.000000e+00 1.083110e+02 2.485902e+01
3.627320e+00 0.000000e+00 1.095452e+02 1.864426e+01
3.703720e+00 0.000000e+00 1.107795e+02 1.864426e+01
3.780280e+00 0.000000e+00 5.795067e+01 2.041991e+01
3.857160e+00 0.000000e+00 5.015981e+01 1.154169e+01
3.934420e+00 0.000000e+00 6.454881e+01 1.331733e+01
4.011180e+00 0.000000e+00 8.134957e+01 1.420515e+01
4.087460e+00 0.000000e+00 1.088717e+02 1.154169e+01
4.164080e+00 0.000000e+00 1.031860e+02 2.041991e+01
4.240460e+00 0.000000e+00 4.739770e+01 1.598080e+01
4.317260e+00 0.000000e+00 5.893938e+01 1.953208e+01
4.393660e+00 0.000000e+00 1.015548e+02 1.509297e+01
4.470320e+00 0.000000e+00 8.444509e+01 1.598080e+01
4.546720e+00 0.000000e+00 4.408755e+01 1.420515e+01
4.623240e+00 0.000000e+00 3.038455e+01 1.420515e+01
4.700340e+00 0.000000e+00 5.699004e+01 1.420515e+01
4.777380e+00 0.000000e+00 8.744833e+01 1.509297e+01
4.854240e+00 0.000000e+00 3.965332e+01 1.420515e+01
4.930820e+00 0.000000e+00 1.366046e+01 1.154169e+01
5.006980e+00 0.000000e+00 3.913988e+01 1.331733e+01
5.083600e+00 0.000000e+00 6.515414e+01 1.065386e+01
5.160240e+00 0.000000e+00 6.453373e+01 1.065386e+01
5.236400e+00 0.000000e+00 4.152941e+01 1.420515e+01
5.312800e+00 0.000000e+00 1.667040e+01 1.065386e+01
