# E_lab(MeV) angle sigma(b) err ; Redder et al. Z. Phys. A 305 (1982) 325, Tbl. 1 = EXFOR A0142002: 15N(p,a0)12C sigma, E_p lab, mb -> b.
# err = EXFOR DATA-ERR: 5 % (counts, absolute cross section, beam energy) except the three lowest points. Segment norm error 5 %.
0.0776 0 2.4e-08 5e-09
0.0785 0 2e-08 4e-09
0.0923 0 1.8e-07 3e-08
0.1074 0 9.7e-07 4.85e-08
0.127 0 5.2e-06 2.6e-07
0.1368 0 1.1e-05 5.5e-07
0.1663 0 7.8e-05 3.9e-06
0.176 0 0.00012 6e-06
0.196 0 0.00036 1.8e-05
0.2052 0 0.00068 3.4e-05
0.2156 0 0.00096 4.8e-05
0.2222 0 0.00125 6.25e-05
0.2347 0 0.0022 0.00011
0.2451 0 0.0035 0.000175
0.255 0 0.0048 0.00024
0.2646 0 0.0076 0.00038
0.2745 0 0.011 0.00055
0.2845 0 0.0167 0.000835
0.2937 0 0.024 0.0012
0.314 0 0.048 0.0024
0.3235 0 0.061 0.00305
0.3336 0 0.075 0.00375
0.3434 0 0.083 0.00415
0.35 0 0.087 0.00435
0.3534 0 0.087 0.00435
0.359 0 0.083 0.00415
0.369 0 0.088 0.0044
0.38 0 0.079 0.00395
0.391 0 0.08 0.004
0.401 0 0.071 0.00355
0.409 0 0.071 0.00355
0.418 0 0.064 0.0032
0.429 0 0.065 0.00325
0.441 0 0.059 0.00295
0.45 0 0.06 0.003
0.46 0 0.056 0.0028
0.468 0 0.058 0.0029
0.479 0 0.054 0.0027
0.49 0 0.055 0.00275
0.501 0 0.052 0.0026
0.511 0 0.054 0.0027
0.521 0 0.052 0.0026
0.531 0 0.053 0.00265
0.54 0 0.051 0.00255
0.55 0 0.053 0.00265
0.56 0 0.055 0.00275
0.572 0 0.053 0.00265
0.58 0 0.052 0.0026
0.591 0 0.055 0.00275
0.6 0 0.054 0.0027
0.61 0 0.055 0.00275
0.619 0 0.055 0.00275
0.63 0 0.057 0.00285
0.641 0 0.057 0.00285
0.65 0 0.059 0.00295
0.66 0 0.059 0.00295
0.671 0 0.063 0.00315
0.681 0 0.063 0.00315
0.691 0 0.064 0.0032
0.7 0 0.065 0.00325
0.71 0 0.069 0.00345
0.722 0 0.069 0.00345
0.731 0 0.073 0.00365
0.74 0 0.073 0.00365
0.749 0 0.079 0.00395
0.76 0 0.08 0.004
0.771 0 0.086 0.0043
0.78 0 0.085 0.00425
0.79 0 0.094 0.0047
0.799 0 0.094 0.0047
0.81 0 0.103 0.00515
