0.10458251 0 5.2e-07 1.6e-07
0.19742617 0 0.00028 8.3e-05
0.20916502 0 0.00058 0.00017
0.21023219 0 0.00067 0.0002
0.21983671 0 0.0012 0.00035
0.22410538 0 0.00093 0.00028
0.2337099 0 0.0026 0.00077
0.23477706 0 0.0025 0.00075
0.24865025 0 0.0042 0.0013
0.25185176 0 0.004 0.0012
0.26038911 0 0.0055 0.0017
0.26145628 0 0.0066 0.002
0.27212796 0 0.011 0.0033
0.27532947 0 0.0092 0.0028
0.2774638 0 0.0097 0.0029
0.27853097 0 0.0089 0.0027
0.28813549 0 0.016 0.0048
0.29026982 0 0.014 0.0042
0.30200868 0 0.023 0.007
0.30307585 0 0.026 0.0077
0.3148147 0 0.039 0.012
0.32015054 0 0.038 0.011
0.32762072 0 0.054 0.016
0.34149391 0 0.077 0.023
0.35323276 0 0.086 0.026
0.36603879 0 0.094 0.028
0.37777764 0 0.092 0.028
0.39165083 0 0.082 0.025
0.40125535 0 0.078 0.023
0.4161957 0 0.072 0.022
0.42686739 0 0.067 0.02
0.44180775 0 0.063 0.019
0.45247943 0 0.064 0.019
0.46315112 0 0.06 0.018
0.47809148 0 0.06 0.018
0.48983033 0 0.058 0.018
0.50263635 0 0.058 0.017
0.52718122 0 0.057 0.017
0.5517261 0 0.057 0.017
0.57733814 0 0.059 0.018
0.60295019 0 0.057 0.017
0.62749506 0 0.06 0.018
0.65417427 0 0.064 0.019
0.65737578 0 0.072 0.022
0.67978632 0 0.066 0.02
0.70219685 0 0.07 0.021
0.70539836 0 0.067 0.02
0.72567456 0 0.075 0.023
0.7278089 0 0.072 0.022
0.75342094 0 0.081 0.024
0.75448811 0 0.084 0.025
0.77369714 0 0.093 0.028
0.77476431 0 0.09 0.027
0.79717485 0 0.11 0.034
0.79930918 0 0.098 0.029
0.82385406 0 0.12 0.036
0.82492123 0 0.11 0.032
0.8462646 0 0.12 0.037
0.84839893 0 0.15 0.045
0.87187664 0 0.17 0.051
0.88574983 0 0.19 0.057
0.89855585 0 0.19 0.058
0.90922754 0 0.22 0.065
0.92203356 0 0.25 0.074
0.92523506 0 0.26 0.077
0.93697392 0 0.25 0.076
0.9476456 0 0.31 0.092
0.96151879 0 0.34 0.1
0.97539198 0 0.36 0.11
0.9849965 0 0.38 0.11
1.001004 0 0.43 0.13
1.01381 0 0.43 0.13
1.0266161 0 0.44 0.13
1.0383549 0 0.4 0.12
1.0500938 0 0.37 0.11
1.0628998 0 0.36 0.11
1.0746387 0 0.28 0.083
1.0853103 0 0.25 0.074
1.0981164 0 0.16 0.047
1.108788 0 0.14 0.042
1.1205269 0 0.12 0.035
1.1215941 0 0.093 0.028
1.1333329 0 0.1 0.031
1.1450718 0 0.053 0.016
1.1568106 0 0.067 0.02
1.1706838 0 0.058 0.017
1.1813555 0 0.043 0.013
1.2069675 0 0.16 0.049
1.2219079 0 0.4 0.12
1.2229751 0 0.38 0.11
1.2368483 0 0.44 0.13
1.2475199 0 0.28 0.085
1.2613931 0 0.13 0.04
1.2699305 0 0.096 0.029
1.279535 0 0.065 0.02
1.2934082 0 0.059 0.018
1.3168859 0 0.04 0.012
1.3424979 0 0.033 0.01
1.3670428 0 0.022 0.0067
1.3883862 0 0.019 0.0057
1.4385431 0 0.01 0.0031
1.4652223 0 0.011 0.0032
1.4897672 0 0.0067 0.002
1.5377898 0 0.0094 0.0028
1.5602003 0 0.0074 0.0022
1.5804765 0 0.0074 0.0022
1.5986184 0 0.0092 0.0027
