# E_lab(MeV) angle sigma(b) err ; Elwyn et al. 1977, EXFOR T0134003; +3% in quadrature
1.180000e-01 0.000000e+00 7.900000e-04 2.572334e-05
1.450000e-01 0.000000e+00 2.020000e-03 6.141954e-05
1.820000e-01 0.000000e+00 4.220000e-03 1.269943e-04
2.660000e-01 0.000000e+00 1.395000e-02 4.302816e-04
3.690000e-01 0.000000e+00 2.249000e-02 6.820704e-04
5.700000e-01 0.000000e+00 3.129000e-02 9.440115e-04
6.730000e-01 0.000000e+00 3.154000e-02 9.786697e-04
7.730000e-01 0.000000e+00 2.991000e-02 9.314759e-04
8.750000e-01 0.000000e+00 2.777000e-02 8.698021e-04
9.750000e-01 0.000000e+00 2.614000e-02 8.230854e-04
