# E_lab(MeV) angle sigma(b) err ; Engstler et al. Z. Phys. A 342 (1992) 471, inverse kinematics, EXFOR A0632003, E_cm >= 70 keV; S-factor converted to sigma
9.545333e-02 0.000000e+00 2.945717e-04 2.279424e-05
1.086533e-01 0.000000e+00 5.886882e-04 4.333901e-05
1.218533e-01 0.000000e+00 1.047604e-03 7.857032e-05
1.352000e-01 0.000000e+00 1.627533e-03 1.193524e-04
1.982667e-01 0.000000e+00 7.030577e-03 5.408136e-04
2.646667e-01 0.000000e+00 1.454059e-02 1.007764e-03
3.310667e-01 0.000000e+00 2.212048e-02 1.638554e-03
3.989333e-01 0.000000e+00 2.690319e-02 1.735690e-03
4.658667e-01 0.000000e+00 3.050883e-02 2.440706e-03
5.328000e-01 0.000000e+00 3.181478e-02 2.386109e-03
5.997333e-01 0.000000e+00 3.274354e-02 2.261566e-03
6.668000e-01 0.000000e+00 3.252545e-02 2.222963e-03
7.337333e-01 0.000000e+00 3.122644e-02 2.162870e-03
8.006667e-01 0.000000e+00 3.039199e-02 2.138130e-03
8.676000e-01 0.000000e+00 2.864836e-02 2.034203e-03
9.346667e-01 0.000000e+00 2.708708e-02 1.855280e-03
1.001600e+00 0.000000e+00 2.568528e-02 1.805996e-03
1.068533e+00 0.000000e+00 2.407573e-02 1.719695e-03
1.135467e+00 0.000000e+00 2.329972e-02 1.599000e-03
1.202400e+00 0.000000e+00 2.242145e-02 1.446545e-03
1.269333e+00 0.000000e+00 2.125031e-02 1.517879e-03
