# E_lab(MeV) angle sigma(b) err ; Jeronymo et al. 1962, EXFOR A1357005; x1/2 (both alphas counted)
9.000000e-01 0.000000e+00 3.240000e-02 3.100000e-03
1.040000e+00 0.000000e+00 3.060000e-02 2.100000e-03
1.220000e+00 0.000000e+00 2.715000e-02 2.200000e-03
1.380000e+00 0.000000e+00 2.465000e-02 2.350000e-03
1.570000e+00 0.000000e+00 2.205000e-02 2.200000e-03
1.740000e+00 0.000000e+00 2.045000e-02 2.250000e-03
1.950000e+00 0.000000e+00 1.935000e-02 2.000000e-03
2.160000e+00 0.000000e+00 1.810000e-02 2.000000e-03
2.380000e+00 0.000000e+00 1.825000e-02 1.850000e-03
2.630000e+00 0.000000e+00 1.825000e-02 2.000000e-03
2.760000e+00 0.000000e+00 1.970000e-02 2.350000e-03
2.880000e+00 0.000000e+00 2.125000e-02 1.850000e-03
3.010000e+00 0.000000e+00 2.235000e-02 2.250000e-03
3.140000e+00 0.000000e+00 2.490000e-02 2.100000e-03
3.280000e+00 0.000000e+00 2.680000e-02 2.350000e-03
3.410000e+00 0.000000e+00 2.985000e-02 2.000000e-03
3.550000e+00 0.000000e+00 3.165000e-02 2.350000e-03
3.700000e+00 0.000000e+00 3.200000e-02 2.350000e-03
3.860000e+00 0.000000e+00 3.110000e-02 2.450000e-03
3.990000e+00 0.000000e+00 2.900000e-02 2.450000e-03
4.140000e+00 0.000000e+00 2.710000e-02 2.750000e-03
4.290000e+00 0.000000e+00 2.360000e-02 2.350000e-03
4.460000e+00 0.000000e+00 2.100000e-02 2.250000e-03
4.630000e+00 0.000000e+00 1.850000e-02 2.000000e-03
4.780000e+00 0.000000e+00 1.665000e-02 2.100000e-03
4.950000e+00 0.000000e+00 1.380000e-02 2.250000e-03
