# E_lab(MeV) angle sigma(b) err ; McClenahan & Segel 1975, EXFOR A1414007; 3.5% point-to-point
4.760000e-01 0.000000e+00 2.322000e-02 8.127000e-04
7.240000e-01 0.000000e+00 2.751000e-02 9.628500e-04
9.430000e-01 0.000000e+00 2.586000e-02 9.051000e-04
1.210000e+00 0.000000e+00 2.273000e-02 7.955500e-04
1.436000e+00 0.000000e+00 1.993000e-02 6.975500e-04
1.679000e+00 0.000000e+00 1.762000e-02 6.167000e-04
1.931000e+00 0.000000e+00 1.631000e-02 5.708500e-04
2.184000e+00 0.000000e+00 1.581000e-02 5.533500e-04
2.437000e+00 0.000000e+00 1.532000e-02 5.362000e-04
2.691000e+00 0.000000e+00 1.631000e-02 5.708500e-04
2.938000e+00 0.000000e+00 1.927000e-02 6.744500e-04
3.186000e+00 0.000000e+00 2.306000e-02 8.071000e-04
3.433000e+00 0.000000e+00 2.586000e-02 9.051000e-04
