# E_lab(MeV) angle sigma(b) err ; Cruz et al. (2005/2008), EXFOR D0550002; S-factor converted to sigma
8.970000e-02 0.000000e+00 4.879981e-05 5.863813e-06
9.240000e-02 0.000000e+00 5.042830e-05 2.938398e-06
9.510000e-02 0.000000e+00 5.702842e-05 3.750618e-06
1.011000e-01 0.000000e+00 7.182156e-05 3.439061e-06
1.103000e-01 0.000000e+00 9.443229e-05 4.257138e-06
1.158000e-01 0.000000e+00 1.182020e-04 8.094269e-06
1.200000e-01 0.000000e+00 1.335103e-04 5.423574e-06
1.258000e-01 0.000000e+00 1.501409e-04 7.708173e-06
1.301000e-01 0.000000e+00 1.767406e-04 7.281272e-06
1.365000e-01 0.000000e+00 1.921895e-04 1.079625e-05
1.406000e-01 0.000000e+00 2.212480e-04 8.949489e-06
1.479000e-01 0.000000e+00 2.610124e-04 1.455791e-05
1.495000e-01 0.000000e+00 2.763958e-04 1.363038e-05
1.600000e-01 0.000000e+00 3.318739e-04 1.752328e-05
1.628000e-01 0.000000e+00 3.489211e-04 1.370425e-05
1.727000e-01 0.000000e+00 4.271157e-04 2.091654e-05
1.859000e-01 0.000000e+00 4.988136e-04 2.534635e-05
1.867000e-01 0.000000e+00 4.994253e-04 1.900333e-05
1.997000e-01 0.000000e+00 6.325888e-04 3.043229e-05
2.121000e-01 0.000000e+00 6.999685e-04 2.754031e-05
2.140000e-01 0.000000e+00 7.057372e-04 3.218999e-05
2.288000e-01 0.000000e+00 8.274526e-04 3.758400e-05
2.390000e-01 0.000000e+00 8.951349e-04 3.429678e-05
2.440000e-01 0.000000e+00 9.515428e-04 4.404120e-05
2.597000e-01 0.000000e+00 1.097233e-03 7.678682e-05
2.675000e-01 0.000000e+00 1.122189e-03 4.548117e-05
2.706000e-01 0.000000e+00 1.151152e-03 5.390760e-05
2.736000e-01 0.000000e+00 1.215933e-03 5.444261e-05
2.759000e-01 0.000000e+00 1.235594e-03 8.670834e-05
2.865000e-01 0.000000e+00 1.276387e-03 5.387043e-05
2.924000e-01 0.000000e+00 1.358322e-03 9.424501e-05
2.974000e-01 0.000000e+00 1.360111e-03 5.434460e-05
3.028000e-01 0.000000e+00 1.457614e-03 5.261464e-05
3.065000e-01 0.000000e+00 1.535933e-03 5.108115e-05
3.094000e-01 0.000000e+00 1.530492e-03 7.499624e-05
3.188000e-01 0.000000e+00 1.624516e-03 8.495053e-05
3.196000e-01 0.000000e+00 1.687582e-03 7.011281e-05
3.288000e-01 0.000000e+00 1.755728e-03 6.435839e-05
3.291000e-01 0.000000e+00 1.706593e-03 8.076107e-05
3.367000e-01 0.000000e+00 1.781200e-03 6.436354e-05
3.447000e-01 0.000000e+00 1.832348e-03 1.281968e-04
3.518000e-01 0.000000e+00 1.913799e-03 7.057489e-05
3.525000e-01 0.000000e+00 1.926073e-03 8.848225e-05
3.543000e-01 0.000000e+00 1.942134e-03 6.252164e-05
3.621000e-01 0.000000e+00 1.953002e-03 7.389124e-05
3.724000e-01 0.000000e+00 2.133484e-03 7.529945e-05
3.756000e-01 0.000000e+00 2.185582e-03 7.838179e-05
3.817000e-01 0.000000e+00 2.195412e-03 1.010287e-04
3.876000e-01 0.000000e+00 2.232313e-03 1.012069e-04
3.908000e-01 0.000000e+00 2.275507e-03 7.905113e-05
3.966000e-01 0.000000e+00 2.305721e-03 8.763756e-05
4.002000e-01 0.000000e+00 2.501799e-03 9.499510e-05
4.170000e-01 0.000000e+00 2.421928e-03 1.179878e-04
4.219000e-01 0.000000e+00 2.576011e-03 9.397405e-05
4.243000e-01 0.000000e+00 2.530103e-03 1.158524e-04
4.255000e-01 0.000000e+00 2.619499e-03 9.415111e-05
4.327000e-01 0.000000e+00 2.631995e-03 9.964852e-05
4.440000e-01 0.000000e+00 2.635973e-03 9.930137e-05
4.530000e-01 0.000000e+00 2.857112e-03 9.930317e-05
4.624000e-01 0.000000e+00 2.805856e-03 1.265823e-04
4.703000e-01 0.000000e+00 2.923392e-03 1.105404e-04
4.706000e-01 0.000000e+00 2.827766e-03 1.199212e-04
4.834000e-01 0.000000e+00 3.067787e-03 1.150792e-04
5.018000e-01 0.000000e+00 3.158277e-03 1.416932e-04
5.021000e-01 0.000000e+00 3.204847e-03 1.448908e-04
5.093000e-01 0.000000e+00 3.258347e-03 1.236770e-04
5.148000e-01 0.000000e+00 3.423755e-03 1.236947e-04
5.300000e-01 0.000000e+00 3.490522e-03 1.246223e-04
5.433000e-01 0.000000e+00 3.509963e-03 1.596971e-04
5.471000e-01 0.000000e+00 3.550997e-03 1.174102e-04
5.499000e-01 0.000000e+00 3.507773e-03 1.373663e-04
5.513000e-01 0.000000e+00 3.537629e-03 1.571181e-04
5.589000e-01 0.000000e+00 3.754151e-03 1.399853e-04
5.805000e-01 0.000000e+00 3.827910e-03 1.256102e-04
5.860000e-01 0.000000e+00 3.889969e-03 1.779909e-04
5.885000e-01 0.000000e+00 3.939959e-03 1.458794e-04
5.920000e-01 0.000000e+00 3.935306e-03 1.466878e-04
6.146000e-01 0.000000e+00 4.223318e-03 1.593705e-04
6.189000e-01 0.000000e+00 4.131243e-03 1.769078e-04
6.301000e-01 0.000000e+00 4.196400e-03 1.926457e-04
6.356000e-01 0.000000e+00 4.156013e-03 1.558885e-04
6.499000e-01 0.000000e+00 4.465167e-03 2.261348e-04
6.756000e-01 0.000000e+00 4.511827e-03 2.197660e-04
6.808000e-01 0.000000e+00 4.490479e-03 1.751508e-04
6.819000e-01 0.000000e+00 4.530792e-03 2.582317e-04
6.846000e-01 0.000000e+00 4.621712e-03 2.128693e-04
6.859000e-01 0.000000e+00 4.803939e-03 2.478736e-04
7.144000e-01 0.000000e+00 4.789741e-03 3.231023e-04
7.226000e-01 0.000000e+00 4.894514e-03 2.219090e-04
7.231000e-01 0.000000e+00 5.158556e-03 1.695277e-04
7.467000e-01 0.000000e+00 4.952312e-03 2.248362e-04
7.478000e-01 0.000000e+00 5.305518e-03 2.245800e-04
7.624000e-01 0.000000e+00 5.332126e-03 1.666289e-04
7.696000e-01 0.000000e+00 5.520738e-03 2.271556e-04
7.721000e-01 0.000000e+00 5.185309e-03 2.352369e-04
7.793000e-01 0.000000e+00 5.376390e-03 1.696791e-04
8.003000e-01 0.000000e+00 5.644244e-03 1.365293e-04
8.171000e-01 0.000000e+00 5.624594e-03 2.599999e-04
8.203000e-01 0.000000e+00 5.760083e-03 2.075753e-04
8.608000e-01 0.000000e+00 5.983829e-03 2.495969e-04
9.022000e-01 0.000000e+00 6.544479e-03 2.314660e-04
9.445000e-01 0.000000e+00 6.857108e-03 2.527204e-04
9.494000e-01 0.000000e+00 7.044520e-03 3.243396e-04
9.880000e-01 0.000000e+00 7.356770e-03 3.099615e-04
1.032400e+00 0.000000e+00 7.932895e-03 3.516988e-04
1.077700e+00 0.000000e+00 8.262837e-03 2.934738e-04
1.081400e+00 0.000000e+00 8.461791e-03 4.040435e-04
1.121900e+00 0.000000e+00 9.112501e-03 3.620534e-04
1.124100e+00 0.000000e+00 8.794418e-03 3.042153e-04
1.171500e+00 0.000000e+00 9.673787e-03 3.178943e-04
1.214300e+00 0.000000e+00 9.727967e-03 4.862075e-04
1.222200e+00 0.000000e+00 1.010373e-02 4.050167e-04
1.225000e+00 0.000000e+00 1.032484e-02 3.593745e-04
1.278400e+00 0.000000e+00 1.122845e-02 4.498630e-04
1.341300e+00 0.000000e+00 1.252047e-02 5.029462e-04
1.345300e+00 0.000000e+00 1.207291e-02 5.526519e-04
1.405700e+00 0.000000e+00 1.316537e-02 5.491667e-04
1.471700e+00 0.000000e+00 1.458476e-02 6.472704e-04
1.477100e+00 0.000000e+00 1.499958e-02 7.036308e-04
1.608700e+00 0.000000e+00 1.812829e-02 8.741634e-04
1.740300e+00 0.000000e+00 2.211393e-02 1.117564e-03
