# E_lab(MeV) angle sigma(b) err ; Mani et al. 1964, EXFOR A1465002, E_p <= 8.2 MeV; x1/2 (both alphas counted)
3.012000e+00 0.000000e+00 6.534500e-02 2.155000e-03
3.507000e+00 0.000000e+00 3.449000e-02 2.100000e-03
4.006000e+00 0.000000e+00 1.276000e-02 1.435000e-03
4.108000e+00 0.000000e+00 9.940000e-03 1.690000e-03
4.220000e+00 0.000000e+00 8.145000e-03 1.640000e-03
4.337000e+00 0.000000e+00 6.765000e-03 1.640000e-03
4.433000e+00 0.000000e+00 5.175000e-03 1.590000e-03
4.504000e+00 0.000000e+00 4.970000e-03 1.540000e-03
4.555000e+00 0.000000e+00 4.405000e-03 1.540000e-03
4.611000e+00 0.000000e+00 3.945000e-03 1.385000e-03
4.677000e+00 0.000000e+00 3.945000e-03 1.435000e-03
4.814000e+00 0.000000e+00 3.895000e-03 1.335000e-03
4.870000e+00 0.000000e+00 4.410000e-03 1.640000e-03
4.926000e+00 0.000000e+00 5.335000e-03 1.385000e-03
4.987000e+00 0.000000e+00 6.155000e-03 1.540000e-03
5.058000e+00 0.000000e+00 7.640000e-03 1.795000e-03
5.225000e+00 0.000000e+00 1.512500e-02 1.745000e-03
5.377000e+00 0.000000e+00 2.471500e-02 1.845000e-03
5.549000e+00 0.000000e+00 3.122500e-02 1.950000e-03
5.716000e+00 0.000000e+00 3.220000e-02 1.895000e-03
5.889000e+00 0.000000e+00 3.374000e-02 2.000000e-03
6.052000e+00 0.000000e+00 2.595000e-02 1.540000e-03
6.230000e+00 0.000000e+00 2.108000e-02 1.795000e-03
6.398000e+00 0.000000e+00 1.893000e-02 1.640000e-03
6.581000e+00 0.000000e+00 1.719000e-02 1.590000e-03
6.941000e+00 0.000000e+00 1.734500e-02 1.485000e-03
7.323000e+00 0.000000e+00 1.217000e-02 1.590000e-03
7.699000e+00 0.000000e+00 1.196500e-02 1.795000e-03
7.902000e+00 0.000000e+00 8.995000e-03 1.745000e-03
8.100000e+00 0.000000e+00 7.970000e-03 1.745000e-03
