# E_lab(MeV) angle sigma(b) err ; Rolfs & Kavanagh NPA 455 (1986) 179, EXFOR C0417002, E_cm >= 70 keV; 5% assumed point-to-point
9.657143e-02 0.000000e+00 5.980000e-05 2.990000e-06
1.211429e-01 0.000000e+00 1.420000e-04 7.100000e-06
1.462857e-01 0.000000e+00 2.550000e-04 1.275000e-05
1.714286e-01 0.000000e+00 4.050000e-04 2.025000e-05
1.965714e-01 0.000000e+00 5.870000e-04 2.935000e-05
2.217143e-01 0.000000e+00 7.810000e-04 3.905000e-05
2.468571e-01 0.000000e+00 1.010000e-03 5.050000e-05
2.720000e-01 0.000000e+00 1.210000e-03 6.050000e-05
2.971429e-01 0.000000e+00 1.450000e-03 7.250000e-05
3.222857e-01 0.000000e+00 1.650000e-03 8.250000e-05
3.371429e-01 0.000000e+00 1.800000e-03 9.000000e-05
3.474286e-01 0.000000e+00 1.890000e-03 9.450000e-05
3.725714e-01 0.000000e+00 2.190000e-03 1.095000e-04
3.977143e-01 0.000000e+00 2.350000e-03 1.175000e-04
4.205714e-01 0.000000e+00 2.530000e-03 1.265000e-04
4.457143e-01 0.000000e+00 2.690000e-03 1.345000e-04
4.708571e-01 0.000000e+00 2.910000e-03 1.455000e-04
4.960000e-01 0.000000e+00 3.090000e-03 1.545000e-04
5.211429e-01 0.000000e+00 3.260000e-03 1.630000e-04
5.462857e-01 0.000000e+00 3.490000e-03 1.745000e-04
5.714286e-01 0.000000e+00 3.690000e-03 1.845000e-04
5.965714e-01 0.000000e+00 3.890000e-03 1.945000e-04
6.217143e-01 0.000000e+00 4.080000e-03 2.040000e-04
6.468571e-01 0.000000e+00 4.180000e-03 2.090000e-04
6.708571e-01 0.000000e+00 4.350000e-03 2.175000e-04
6.960000e-01 0.000000e+00 4.430000e-03 2.215000e-04
7.211429e-01 0.000000e+00 4.650000e-03 2.325000e-04
7.462857e-01 0.000000e+00 4.770000e-03 2.385000e-04
7.714286e-01 0.000000e+00 4.990000e-03 2.495000e-04
7.965714e-01 0.000000e+00 5.150000e-03 2.575000e-04
8.217143e-01 0.000000e+00 5.410000e-03 2.705000e-04
8.468571e-01 0.000000e+00 5.350000e-03 2.675000e-04
8.720000e-01 0.000000e+00 5.610000e-03 2.805000e-04
8.971429e-01 0.000000e+00 5.760000e-03 2.880000e-04
9.222857e-01 0.000000e+00 5.960000e-03 2.980000e-04
9.474286e-01 0.000000e+00 6.110000e-03 3.055000e-04
9.725714e-01 0.000000e+00 6.250000e-03 3.125000e-04
9.977143e-01 0.000000e+00 6.330000e-03 3.165000e-04
